0.693032
0.593122
0.537264
0.503015
0.480469
0.464833
0.453551
0.445149
0.438728
0.433713
0.429721
0.426491
0.42384
0.421635
0.41978
0.418203
0.41685
0.415677
0.414653
0.413751
0.412953
0.41224
0.4116
0.411022
0.410498
0.410019
0.40958
0.409176
0.408802
0.408454
0.408131
0.407828
0.407544
0.407276
0.407024
0.406785
0.406559
0.406343
0.406138
0.405943
0.405756
0.405577
0.405405
0.40524
0.405082
0.404929
0.404782
0.404641
0.404504
0.404371
0.404243
0.40412
0.404
0.403883
0.403771
0.403661
0.403555
0.403452
0.403351
0.403254
0.403159
0.403067
0.402977
0.402889
0.402804
0.402721
0.40264
0.402561
0.402484
0.402409
0.402336
0.402265
0.402195
0.402127
0.40206
0.401995
0.401932
0.40187
0.401809
0.40175
0.401692
0.401635
0.40158
0.401526
0.401473
0.401421
0.40137
0.401321
0.401272
0.401225
0.401178
0.401133
0.401088
0.401045
0.401002
0.40096
0.400919
0.400879
0.400839
0.400801
